14
KURUKA     0.0000000 5.2267835 2.3047741 4.9123102 4.2214639 1.3168786 2.1434188 2.0334985 2.3241079 0.7112282 1.6264434 1.6636035 1.6996045 2.3256390 
1731       5.2267835 0.0000000 6.5028406 1.5319244 6.2853279 5.4529951 5.3785632 5.8434002 6.0668575 5.1236088 5.7025101 6.1241361 5.2740202 5.8809755 
412        2.3047741 6.5028406 0.0000000 5.3036928 3.8781355 2.0712461 2.7362392 2.3858990 0.4785701 2.0741942 2.3796328 2.5311319 2.2925061 0.4077883 
COPIA      4.9123102 1.5319244 5.3036928 0.0000000 6.3053789 5.8437518 5.2959120 5.9161198 5.2865081 4.6295732 5.1755300 5.6509474 5.2577220 5.3684311 
ROO        4.2214639 6.2853279 3.8781355 6.3053789 0.0000000 3.6959354 3.5393334 3.7575337 4.0230221 4.2494355 4.1371605 4.1959470 4.2034068 4.3898476 
CIRC       1.3168786 5.4529951 2.0712461 5.8437518 3.6959354 0.0000000 2.3338529 2.1951981 2.1675061 1.8044129 1.9319624 1.9329478 2.2027366 2.5241659 
MDG3       2.1434188 5.3785632 2.7362392 5.2959120 3.5393334 2.3338529 0.0000000 1.2755639 2.6775763 1.9620949 2.4783161 2.5380729 2.4649542 2.7698785 
INVADER6   2.0334985 5.8434002 2.3858990 5.9161198 3.7575337 2.1951981 1.2755639 0.0000000 2.2607733 1.7910959 1.7359041 1.8887328 1.9514120 2.1722946 
BLOOD      2.3241079 6.0668575 0.4785701 5.2865081 4.0230221 2.1675061 2.6775763 2.2607733 0.0000000 2.1895791 2.4831538 2.5643526 2.5095768 0.3097475 
TIRANT     0.7112282 5.1236088 2.0741942 4.6295732 4.2494355 1.8044129 1.9620949 1.7910959 2.1895791 0.0000000 1.6140421 1.7055586 1.7443253 2.1966217 
297        1.6264434 5.7025101 2.3796328 5.1755300 4.1371605 1.9319624 2.4783161 1.7359041 2.4831538 1.6140421 0.0000000 1.8364328 1.9437002 2.4405728 
OPUS       1.6636035 6.1241361 2.5311319 5.6509474 4.1959470 1.9329478 2.5380729 1.8887328 2.5643526 1.7055586 1.8364328 0.0000000 1.3022204 2.6487504 
GYPSY1     1.6996045 5.2740202 2.2925061 5.2577220 4.2034068 2.2027366 2.4649542 1.9514120 2.5095768 1.7443253 1.9437002 1.3022204 0.0000000 2.5007365 
MDG1       2.3256390 5.8809755 0.4077883 5.3684311 4.3898476 2.5241659 2.7698785 2.1722946 0.3097475 2.1966217 2.4405728 2.6487504 2.5007365 0.0000000 
